5
			Notas Originais		|		Notas com Pesos			|

==================================================================================================================================
codigo	MAT	LIN	HUM	NAT	RED	| 	MAT	LIN	HUM	NAT	RED	|	Media_P	 Situcao
==================================================================================================================================
0001	4.4	3.3	6.6	6.6	8.0		13.2	6.6	6.6	6.6	16.0		 5.4	RP
0002	9.0	9.0	9.0	9.0	9.0		27.0	18.0	9.0	9.0	18.0		 9.0	AP
0003	4.0	4.0	4.0	4.0	9.0		12.0	8.0	4.0	4.0	18.0		 5.1	RP
0004	6.0	6.0	6.0	5.7	9.0		18.0	12.0	6.0	5.7	18.0		 6.6	AP
0005	8.0	7.0	6.0	5.0	5.0		24.0	14.0	6.0	5.0	10.0		 6.6	AP
